188.85 -4.22
189.319 8.780000000000001
189.787 -3.22
190.256 -1.2199999999999989
190.725 -4.220000000000002
191.193 2.7799999999999976
191.662 -0.22000000000000242
192.13 -3.2200000000000024
192.599 -1.2200000000000024
193.067 -3.2200000000000006
193.536 5.779999999999998
194.004 -3.2200000000000024
194.473 -3.2200000000000024
194.941 0.7800000000000011
195.409 1.7799999999999976
195.878 8.78
196.346 -0.22000000000000242
196.814 -4.220000000000001
197.282 -1.2200000000000024
197.751 2.7799999999999976
198.219 10.78
198.687 2.7799999999999976
199.155 -7.220000000000001
199.623 -1.2200000000000024
200.091 8.78
200.559 -11.22
201.028 -4.220000000000002
201.496 11.78
201.964 -12.220000000000002
202.432 9.78
202.899 -0.22000000000000242
203.367 3.7799999999999976
203.835 3.7799999999999976
204.303 7.779999999999998
204.771 8.779999999999998
205.239 -2.2200000000000024
205.707 3.7799999999999976
206.174 -11.219999999999999
206.642 -3.2200000000000024
207.11 -6.220000000000001
207.577 0.7800000000000011
208.045 -4.220000000000002
208.513 -3.2200000000000024
208.98 0.7799999999999976
209.448 10.779999999999998
209.915 10.779999999999998
210.383 6.779999999999998
210.851 -1.2200000000000024
211.318 0.7799999999999976
211.785 3.7799999999999976
212.253 12.779999999999998
212.72 8.779999999999998
213.188 4.779999999999998
213.655 -1.2200000000000024
214.122 -4.220000000000002
214.59 -1.2200000000000024
215.057 3.7799999999999976
215.524 2.7799999999999976
215.991 -6.220000000000002
216.459 0.7799999999999976
216.926 -3.2200000000000024
217.393 -6.220000000000002
217.86 8.779999999999998
218.327 -8.220000000000002
218.794 4.779999999999998
219.261 -4.220000000000002
219.728 -5.220000000000002
220.195 9.779999999999998
220.662 6.779999999999998
221.129 -0.22000000000000242
221.596 9.779999999999998
222.063 -0.22000000000000242
222.53 7.779999999999998
222.997 5.779999999999998
223.463 -11.220000000000002
223.93 -4.220000000000002
224.397 -5.220000000000002
224.864 -2.2200000000000024
225.33 0.7799999999999976
225.797 13.779999999999998
226.264 4.779999999999998
226.73 6.779999999999998
227.197 8.779999999999998
227.663 10.78
228.13 3.7799999999999976
228.596 1.7799999999999976
229.063 -6.219999999999999
229.529 9.779999999999998
229.996 12.779999999999998
230.462 -5.220000000000002
230.929 -6.220000000000002
231.395 -0.22000000000000242
231.861 -1.2199999999999989
232.328 10.779999999999998
232.794 6.779999999999998
233.26 -7.219999999999999
233.726 0.7799999999999976
234.193 3.780000000000001
234.659 7.779999999999998
235.125 -6.219999999999999
235.591 8.779999999999998
236.057 4.779999999999998
236.523 -3.2200000000000024
236.989 -7.220000000000002
237.455 -7.219999999999999
237.921 -1.2200000000000024
238.387 8.779999999999998
238.853 2.7799999999999976
239.319 2.7799999999999976
239.785 -3.219999999999999
240.251 1.7800000000000011
240.717 -1.2200000000000024
241.183 -8.219999999999999
241.648 4.779999999999998
242.114 13.779999999999998
242.58 -7.219999999999999
243.046 2.7799999999999976
243.511 3.7799999999999976
243.977 4.779999999999998
244.443 -1.2200000000000024
244.908 -0.22000000000000242
245.374 -4.220000000000002
245.839 7.779999999999998
246.305 25.78
246.77 -6.220000000000002
247.236 2.7799999999999976
247.701 10.779999999999998
248.167 -2.2200000000000024
248.632 15.779999999999998
249.098 -3.219999999999999
249.563 -4.219999999999999
250.028 -6.220000000000002
250.493 -1.2199999999999989
250.959 5.779999999999998
251.424 2.7799999999999976
251.889 -2.2200000000000024
252.354 7.779999999999998
252.82 4.779999999999998
253.285 -2.2200000000000024
253.75 2.780000000000001
254.215 1.7800000000000011
254.68 10.779999999999998
255.145 -0.21999999999999886
255.61 5.779999999999998
256.075 -6.219999999999999
256.54 4.780000000000001
257.005 -1.2199999999999989
257.47 -4.220000000000002
257.935 -0.22000000000000242
258.4 -11.219999999999999
258.864 -6.219999999999999
259.329 -3.2200000000000024
259.794 -19.22
260.259 -14.219999999999999
260.723 -4.219999999999999
261.188 6.779999999999998
261.653 9.779999999999998
262.117 5.779999999999998
262.582 -0.22000000000000242
263.047 3.7799999999999976
263.511 0.7800000000000011
263.976 2.7799999999999976
264.44 4.779999999999998
264.905 2.780000000000001
265.369 -9.219999999999999
265.834 11.779999999999998
266.298 1.7799999999999976
266.762 4.779999999999998
267.227 -0.22000000000000242
267.691 -11.220000000000002
268.155 -8.219999999999999
268.62 -8.219999999999999
269.084 -7.219999999999999
269.548 10.779999999999998
270.012 -4.220000000000002
270.476 2.7799999999999976
270.941 0.7800000000000011
271.405 -2.219999999999999
271.869 -0.22000000000000242
272.333 3.7799999999999976
272.797 15.779999999999998
273.261 4.779999999999998
273.725 9.779999999999998
274.189 -3.219999999999999
274.653 -1.2200000000000024
275.117 -10.219999999999999
275.581 -0.21999999999999886
276.044 -11.220000000000002
276.508 5.779999999999998
276.972 7.779999999999998
277.436 -9.220000000000002
277.9 -7.220000000000002
278.363 -1.2199999999999989
278.827 1.7799999999999976
279.291 2.7799999999999976
279.754 6.779999999999998
280.218 5.779999999999998
280.682 19.779999999999998
281.145 -17.22
281.609 -1.2200000000000024
282.072 -5.219999999999999
282.536 -1.2200000000000024
282.999 -5.220000000000002
283.463 -0.22000000000000242
283.926 7.779999999999998
284.389 4.780000000000001
284.853 3.7799999999999976
285.316 5.779999999999998
285.779 -2.2200000000000024
286.243 -0.22000000000000242
286.706 2.7799999999999976
287.169 1.7800000000000011
287.632 10.779999999999998
288.096 2.780000000000001
288.559 6.780000000000001
289.022 -0.22000000000000242
289.485 -0.22000000000000242
289.948 5.780000000000001
290.411 -8.219999999999999
290.874 -3.219999999999999
291.337 13.779999999999998
291.8 3.780000000000001
292.263 13.779999999999998
292.726 -6.219999999999999
293.189 8.779999999999998
293.652 1.7799999999999976
294.114 1.7799999999999976
294.577 -3.219999999999999
295.04 -1.2199999999999989
295.503 0.7800000000000011
295.966 -4.220000000000002
296.428 8.779999999999998
296.891 8.779999999999998
297.354 4.779999999999998
297.816 3.780000000000001
298.279 10.779999999999998
298.741 -0.22000000000000242
299.204 -5.219999999999999
299.666 -0.21999999999999886
300.129 -6.219999999999999
300.591 -0.21999999999999886
301.054 -2.219999999999999
301.516 -7.219999999999999
301.979 1.7800000000000011
302.441 -2.2200000000000024
302.903 -4.220000000000002
303.366 14.779999999999998
303.828 2.780000000000001
304.29 3.7799999999999976
304.752 -2.2200000000000024
305.215 4.779999999999998
305.677 -9.220000000000002
306.139 -3.219999999999999
306.601 -0.22000000000000242
307.063 1.7800000000000011
307.525 -4.219999999999999
307.987 6.779999999999998
308.449 2.7799999999999976
308.911 -9.219999999999999
309.373 5.779999999999998
309.835 5.779999999999998
310.297 1.7799999999999976
310.759 4.779999999999998
311.221 -6.219999999999999
311.683 0.7799999999999976
312.145 -6.220000000000002
312.606 -3.219999999999999
313.068 -1.2200000000000024
313.53 3.780000000000001
313.992 1.7799999999999976
314.453 9.779999999999998
314.915 0.7800000000000011
315.376 4.779999999999998
315.838 0.7799999999999976
316.3 4.779999999999998
316.761 3.7799999999999976
317.223 2.780000000000001
317.684 6.779999999999998
318.146 9.779999999999998
318.607 1.7800000000000011
319.069 -3.219999999999999
319.53 -2.219999999999999
319.991 -4.219999999999999
320.453 20.779999999999998
320.914 7.780000000000001
321.375 -3.2200000000000024
321.836 0.7799999999999976
322.298 9.780000000000001
322.759 2.7799999999999976
323.22 7.779999999999998
323.681 -8.219999999999999
324.142 -4.219999999999999
324.603 -3.219999999999999
325.064 -3.2200000000000024
325.526 12.779999999999998
325.987 0.7799999999999976
326.448 -2.2200000000000024
326.909 5.779999999999998
327.369 10.779999999999998
327.83 6.779999999999998
328.291 7.779999999999998
328.752 0.7800000000000011
329.213 10.779999999999998
329.674 -0.22000000000000242
330.135 2.780000000000001
330.595 -6.219999999999999
331.056 -3.219999999999999
331.517 0.7800000000000011
331.977 3.7799999999999976
332.438 10.779999999999998
332.899 10.779999999999998
333.359 6.779999999999998
333.82 4.779999999999998
334.28 -0.21999999999999886
334.741 -0.21999999999999886
335.201 7.779999999999998
335.662 5.779999999999998
336.122 -11.219999999999999
336.583 -1.2199999999999989
337.043 11.779999999999998
337.503 1.7799999999999976
337.964 9.779999999999998
338.424 2.780000000000001
338.884 -1.2199999999999989
339.345 -1.2199999999999989
339.805 4.780000000000001
340.265 -6.219999999999999
340.725 3.7799999999999976
341.185 -8.220000000000002
341.645 -7.219999999999999
342.105 4.779999999999998
342.566 8.779999999999998
343.026 3.7799999999999976
343.486 6.780000000000001
343.946 -7.219999999999999
344.406 0.7799999999999976
344.865 6.779999999999998
345.325 -1.2199999999999989
345.785 2.7799999999999976
346.245 3.7799999999999976
346.705 -8.220000000000002
347.165 6.779999999999998
347.625 0.7799999999999976
348.084 7.779999999999998
348.544 2.780000000000001
349.004 6.779999999999998
349.463 -7.219999999999999
349.923 0.7800000000000011
350.383 0.7800000000000011
350.842 -0.21999999999999886
351.302 -4.220000000000002
351.761 3.7799999999999976
352.221 2.780000000000001
352.68 2.7799999999999976
353.14 12.779999999999998
353.599 2.7799999999999976
354.059 4.780000000000001
354.518 4.779999999999998
354.977 4.779999999999998
355.437 -13.219999999999999
355.896 8.779999999999998
356.355 3.7799999999999976
356.814 -0.21999999999999886
357.274 -6.220000000000002
357.733 15.779999999999998
358.192 -3.219999999999999
358.651 -5.219999999999999
359.11 0.7799999999999976
359.569 -12.219999999999999
360.028 5.779999999999998
360.487 -1.2199999999999989
360.946 4.779999999999998
361.405 12.779999999999998
361.864 -10.219999999999999
362.323 0.7799999999999976
362.782 8.779999999999998
363.241 5.780000000000001
363.7 -1.2200000000000024
364.159 1.7800000000000011
364.617 2.7799999999999976
365.076 1.7800000000000011
365.535 14.779999999999998
365.994 8.779999999999998
366.452 4.780000000000001
366.911 12.779999999999998
367.37 4.779999999999998
367.828 -1.2199999999999989
368.287 -3.219999999999999
368.745 2.7799999999999976
369.204 -5.219999999999999
369.662 1.7799999999999976
370.121 5.779999999999998
370.579 4.780000000000001
371.038 0.7799999999999976
371.496 17.779999999999998
371.955 -1.2200000000000024
372.413 -0.22000000000000242
372.871 9.779999999999998
373.329 -2.219999999999999
373.788 6.779999999999998
374.246 -2.2200000000000024
374.704 8.779999999999998
375.162 7.779999999999998
375.62 -8.219999999999999
376.079 3.7799999999999976
376.537 -3.219999999999999
376.995 10.779999999999998
377.453 2.7799999999999976
377.911 10.779999999999998
378.369 -5.219999999999999
378.827 7.779999999999998
379.285 14.779999999999998
379.743 5.780000000000001
380.201 14.779999999999998
380.658 5.780000000000001
381.116 4.779999999999998
381.574 7.779999999999998
382.032 6.779999999999998
382.49 -3.2200000000000024
382.947 -8.219999999999999
383.405 1.7799999999999976
383.863 -6.219999999999999
384.32 8.779999999999998
384.778 4.779999999999998
385.236 6.779999999999998
385.693 -14.219999999999999
386.151 -7.219999999999999
386.608 8.779999999999998
387.066 13.779999999999998
387.523 1.7799999999999976
387.981 6.779999999999998
388.438 4.779999999999998
388.895 1.7799999999999976
389.353 -7.220000000000002
389.81 13.779999999999998
390.267 3.780000000000001
390.725 5.780000000000001
391.182 3.7799999999999976
391.639 2.780000000000001
392.096 -10.219999999999999
392.553 10.779999999999998
393.011 12.779999999999998
393.468 1.7799999999999976
393.925 13.779999999999998
394.382 12.780000000000001
394.839 3.7799999999999976
395.296 -2.219999999999999
395.753 3.780000000000001
396.21 5.779999999999998
396.667 5.780000000000001
397.124 15.779999999999998
397.58 6.779999999999998
398.037 -2.219999999999999
398.494 -11.219999999999999
398.951 -16.22
399.408 6.779999999999998
399.864 3.780000000000001
400.321 4.780000000000001
400.778 1.7799999999999976
401.234 11.779999999999998
401.691 9.780000000000001
402.148 13.779999999999998
402.604 4.779999999999998
403.061 15.779999999999998
403.517 9.779999999999998
403.974 0.7800000000000011
404.43 5.779999999999998
404.887 6.779999999999998
405.343 8.779999999999998
405.8 -3.219999999999999
406.256 5.780000000000001
406.712 11.779999999999998
407.169 4.780000000000001
407.625 3.7799999999999976
408.081 11.779999999999998
408.537 10.780000000000001
408.994 13.780000000000001
409.45 18.779999999999998
409.906 13.780000000000001
410.362 6.779999999999998
410.818 -3.219999999999999
411.274 12.780000000000001
411.73 7.780000000000001
412.186 15.780000000000001
412.642 22.78
413.098 20.78
413.554 9.780000000000001
414.01 31.78
414.466 23.78
414.922 9.780000000000001
415.378 20.78
415.833 18.78
416.289 27.78
416.745 19.78
417.201 13.780000000000001
417.656 36.78
418.112 29.78
418.568 37.78
419.023 40.78
419.479 45.78
419.934 41.78
420.39 50.78
420.845 39.78
421.301 40.78
421.756 48.78
422.212 51.78
422.667 46.78
423.122 48.78
423.578 59.78
424.033 65.78
424.488 65.78
424.944 74.78
425.399 78.78
425.854 79.78
426.309 93.78
426.764 108.78
427.22 105.78
427.675 107.78
428.13 139.78000000000003
428.585 141.78000000000003
429.04 142.78000000000003
429.495 155.78000000000003
429.95 164.78000000000003
430.405 169.78000000000003
430.86 175.78000000000003
431.315 183.78000000000003
431.769 215.78000000000003
432.224 211.78000000000003
432.679 218.78000000000003
433.134 262.78000000000003
433.589 248.78000000000003
434.043 255.78000000000003
434.498 256.78000000000003
434.953 280.78000000000003
435.407 288.78000000000003
435.862 280.78000000000003
436.317 300.78000000000003
436.771 318.78000000000003
437.226 306.78000000000003
437.68 310.78000000000003
438.135 305.78000000000003
438.589 343.78000000000003
439.044 315.78000000000003
439.498 363.78000000000003
439.952 360.78000000000003
440.407 343.78000000000003
440.861 354.78000000000003
441.315 333.78000000000003
441.77 355.78000000000003
442.224 322.78000000000003
442.678 398.78000000000003
443.132 350.78000000000003
443.586 398.78000000000003
444.04 374.78000000000003
444.495 402.78000000000003
444.949 403.78000000000003
445.403 386.78000000000003
445.857 419.78000000000003
446.311 429.78000000000003
446.765 438.78000000000003
447.219 416.78000000000003
447.673 402.78000000000003
448.126 419.78000000000003
448.58 410.78000000000003
449.034 428.78000000000003
449.488 389.78000000000003
449.942 405.78000000000003
450.396 339.78000000000003
450.849 381.78000000000003
451.303 356.78000000000003
451.757 359.78000000000003
452.21 350.78000000000003
452.664 330.78000000000003
453.117 313.78000000000003
453.571 292.78000000000003
454.025 309.78000000000003
454.478 269.78000000000003
454.932 264.78000000000003
455.385 291.78000000000003
455.838 259.78000000000003
456.292 219.78000000000003
456.745 211.78000000000003
457.199 214.78000000000003
457.652 191.78000000000003
458.105 178.78000000000003
458.559 212.78000000000003
459.012 182.78000000000003
459.465 170.78000000000003
459.918 162.78000000000003
460.371 140.78000000000003
460.824 156.78000000000003
461.278 143.78000000000003
461.731 126.78000000000003
462.184 136.78000000000003
462.637 123.78000000000003
463.09 127.78000000000003
463.543 104.78
463.996 122.78000000000003
464.449 99.78
464.901 76.78
465.354 88.78
465.807 68.78
466.26 73.78
466.713 73.78
467.165 78.78
467.618 88.78
468.071 60.78
468.524 64.78
468.976 77.78
469.429 77.78
469.881 73.78
470.334 73.78
470.787 56.78
471.239 71.78
471.692 59.78
472.144 67.78
472.596 64.78
473.049 69.78
473.501 49.78
473.954 70.78
474.406 61.78
474.858 85.78
475.31 59.78
475.763 62.78
476.215 61.78
476.667 78.78
477.119 70.78
477.571 56.78
478.024 69.78
478.476 53.78
478.928 74.78
479.38 83.78
479.832 67.78
480.284 64.78
480.736 83.78
481.187 62.78
481.639 89.78
482.091 78.78
482.543 89.78
482.995 77.78
483.447 93.78
483.898 78.78
484.35 70.78
484.802 100.78
485.254 99.78
485.705 99.78
486.157 76.78
486.608 92.78
487.06 106.78
487.511 87.78
487.963 80.78
488.414 90.78
488.866 69.78
489.317 95.78
489.769 101.78
490.22 86.78
490.671 80.78
491.123 105.78
491.574 97.78
492.025 103.78
492.477 97.78
492.928 84.78
493.379 86.78
493.83 98.78
494.281 88.78
494.732 111.78
495.183 100.78
495.634 95.78
496.085 96.78
496.536 109.78
496.987 81.78
497.438 90.78
497.889 116.78
498.34 111.78
498.791 121.78
499.242 129.78
499.693 119.78000000000003
500.143 131.78000000000003
500.594 128.78000000000003
501.045 133.78000000000003
501.496 170.78000000000003
501.946 157.78000000000003
502.397 163.78000000000003
502.848 172.78000000000003
503.298 165.78000000000003
503.749 190.78000000000003
504.199 182.78000000000003
504.65 210.78000000000003
505.1 231.78000000000003
505.551 199.78000000000003
506.001 220.78000000000003
506.451 220.78000000000003
506.902 238.78000000000003
507.352 232.78000000000003
507.802 267.78000000000003
508.253 273.78000000000003
508.703 267.78000000000003
509.153 269.78000000000003
509.603 278.78000000000003
510.054 296.78000000000003
510.504 291.78000000000003
510.954 288.78000000000003
511.404 296.78000000000003
511.854 297.78000000000003
512.304 300.78000000000003
512.754 278.78000000000003
513.204 309.78000000000003
513.654 325.78000000000003
514.104 298.78000000000003
514.554 325.78000000000003
515.004 298.78000000000003
515.454 320.78000000000003
515.903 313.78000000000003
516.353 312.78000000000003
516.803 305.78000000000003
517.253 298.78000000000003
517.702 319.78000000000003
518.152 278.78000000000003
518.602 304.78000000000003
519.051 306.78000000000003
519.501 282.78000000000003
519.951 302.78000000000003
520.4 288.78000000000003
520.85 267.78000000000003
521.299 283.78000000000003
521.749 275.78000000000003
522.198 283.78000000000003
522.647 284.78000000000003
523.097 287.78000000000003
523.546 302.78000000000003
523.996 340.78000000000003
524.445 358.78000000000003
524.894 388.78000000000003
525.343 404.78000000000003
525.793 418.78000000000003
526.242 445.78000000000003
526.691 493.78000000000003
527.14 491.78000000000003
527.589 521.78
528.038 567.78
528.487 565.78
528.936 614.78
529.385 594.78
529.834 615.78
530.283 629.78
530.732 619.78
531.181 670.78
531.63 651.78
532.079 666.78
532.528 683.78
532.976 663.78
533.425 718.78
533.874 698.78
534.323 710.78
534.771 704.78
535.22 686.78
535.669 680.78
536.117 702.78
536.566 735.78
537.014 716.78
537.463 702.78
537.911 746.78
538.36 730.78
538.808 712.78
539.256 736.78
539.705 722.78
540.153 733.78
540.602 732.78
541.05 737.78
541.498 766.78
541.946 740.78
542.395 743.78
542.843 738.78
543.291 740.78
543.739 787.78
544.187 764.78
544.635 713.78
545.083 704.78
545.531 723.78
545.979 751.78
546.427 718.78
546.875 748.78
547.323 743.78
547.771 692.78
548.219 705.78
548.667 707.78
549.114 724.78
549.562 703.78
550.01 730.78
550.458 720.78
550.905 702.78
551.353 700.78
551.801 716.78
552.248 693.78
552.696 680.78
553.143 663.78
553.591 668.78
554.038 690.78
554.486 707.78
554.933 705.78
555.381 684.78
555.828 643.78
556.275 664.78
556.723 670.78
557.17 709.78
557.617 668.78
558.065 646.78
558.512 664.78
558.959 631.78
559.406 661.78
559.853 655.78
560.3 670.78
560.747 637.78
561.195 647.78
561.642 661.78
562.089 605.78
562.536 601.78
562.982 636.78
563.429 612.78
563.876 636.78
564.323 604.78
564.77 599.78
565.217 608.78
565.664 597.78
566.11 574.78
566.557 600.78
567.004 591.78
567.45 618.78
567.897 594.78
568.344 576.78
568.79 597.78
569.237 571.78
569.683 607.78
570.13 585.78
570.576 578.78
571.023 572.78
571.469 554.78
571.916 553.78
572.362 546.78
572.808 551.78
573.255 547.78
573.701 536.78
574.147 527.78
574.593 552.78
575.04 540.78
575.486 539.78
575.932 496.78000000000003
576.378 494.78000000000003
576.824 512.78
577.27 485.78000000000003
577.716 509.78000000000003
578.162 497.78000000000003
578.608 478.78000000000003
579.054 464.78000000000003
579.5 461.78000000000003
579.946 455.78000000000003
580.392 467.78000000000003
580.838 461.78000000000003
581.284 460.78000000000003
581.729 450.78000000000003
582.175 455.78000000000003
582.621 480.78000000000003
583.066 433.78000000000003
583.512 437.78000000000003
583.958 434.78000000000003
584.403 444.78000000000003
584.849 429.78000000000003
585.295 419.78000000000003
585.74 422.78000000000003
586.186 418.78000000000003
586.631 403.78000000000003
587.077 411.78000000000003
587.522 423.78000000000003
587.967 405.78000000000003
588.413 412.78000000000003
588.858 398.78000000000003
589.303 388.78000000000003
589.749 359.78000000000003
590.194 365.78000000000003
590.639 368.78000000000003
591.084 377.78000000000003
591.53 361.78000000000003
591.975 364.78000000000003
592.42 342.78000000000003
592.865 330.78000000000003
593.31 333.78000000000003
593.755 334.78000000000003
594.2 321.78000000000003
594.645 332.78000000000003
595.09 294.78000000000003
595.535 321.78000000000003
595.98 319.78000000000003
596.425 284.78000000000003
596.87 295.78000000000003
597.314 285.78000000000003
597.759 268.78000000000003
598.204 280.78000000000003
598.649 282.78000000000003
599.094 298.78000000000003
599.538 277.78000000000003
599.983 280.78000000000003
600.427 260.78000000000003
600.872 263.78000000000003
601.317 265.78000000000003
601.761 288.78000000000003
602.206 261.78000000000003
602.65 260.78000000000003
603.095 251.78000000000003
603.539 226.78000000000003
603.983 252.78000000000003
604.428 217.78000000000003
604.872 229.78000000000003
605.317 243.78000000000003
605.761 228.78000000000003
606.205 224.78000000000003
606.649 226.78000000000003
607.094 199.78000000000003
607.538 209.78000000000003
607.982 208.78000000000003
608.426 194.78000000000003
608.87 217.78000000000003
609.314 204.78000000000003
609.758 219.78000000000003
610.202 207.78000000000003
610.646 199.78000000000003
611.09 181.78000000000003
611.534 193.78000000000003
611.978 187.78000000000003
612.422 183.78000000000003
612.866 173.78000000000003
613.31 166.78000000000003
613.753 179.78000000000003
614.197 190.78000000000003
614.641 187.78000000000003
615.085 160.78
615.528 177.78
615.972 153.78
616.416 170.78
616.859 159.78
617.303 157.78
617.746 163.78
618.19 151.78
618.633 153.78
619.077 143.78
619.52 165.78
619.964 147.78
620.407 139.78
620.85 144.78
621.294 145.78
621.737 113.78
622.18 131.78
622.624 134.78
623.067 123.78
623.51 132.78
623.953 135.78
624.396 125.78
624.839 128.78
625.282 140.78
625.725 129.78
626.168 125.78
626.611 121.78
627.054 128.78
627.497 121.78
627.94 113.78
628.383 115.78
628.826 123.78
629.269 111.78
629.712 111.78
630.154 104.78
630.597 113.78
631.04 120.78
631.483 120.78
631.925 96.78
632.368 93.78
632.81 109.78
633.253 85.78
633.696 90.78
634.138 90.78
634.581 80.78
635.023 90.78
635.465 92.78
635.908 85.78
636.35 81.78
636.793 75.78
637.235 82.78
637.677 77.78
638.119 73.78
638.562 98.78
639.004 88.78
639.446 86.78
639.888 73.78
640.33 85.78
640.772 79.78
641.215 79.78
641.657 75.78
642.099 77.78
642.541 68.78
642.983 67.78
643.425 77.78
643.866 67.78
644.308 75.78
644.75 72.78
645.192 70.78
645.634 58.78
646.076 53.78
646.517 57.78
646.959 50.78
647.401 71.78
647.842 67.78
648.284 64.78
648.726 62.78
649.167 54.78
649.609 49.78
650.05 58.78
650.492 39.78
650.933 47.78
651.375 66.78
651.816 37.78
652.257 39.78
652.699 62.78
653.14 53.78
653.581 53.78
654.023 57.78
654.464 36.78
654.905 33.78
655.346 32.78
655.787 44.78
656.228 26.78
656.67 45.78
657.111 50.78
657.552 46.78
657.993 31.78
658.434 38.78
658.875 33.78
659.316 38.78
659.756 35.78
660.197 36.78
660.638 41.78
661.079 37.78
661.52 40.78
661.961 43.78
662.401 29.78
662.842 21.78
663.283 26.78
663.723 30.78
664.164 23.78
664.604 44.78
665.045 32.78
665.486 30.78
665.926 28.78
666.367 31.78
666.807 45.78
667.247 26.78
667.688 30.78
668.128 22.78
668.569 28.78
669.009 31.78
669.449 31.78
669.889 26.78
670.33 30.779999999999998
670.77 28.78
671.21 28.78
671.65 27.78
672.09 18.78
672.53 23.78
672.97 15.780000000000001
673.41 17.78
673.85 31.78
674.29 13.780000000000001
674.73 11.780000000000001
675.17 34.78
675.61 24.78
676.05 46.78
676.49 31.779999999999998
676.93 16.78
677.37 20.78
677.809 13.780000000000001
678.249 19.78
678.689 9.780000000000001
679.128 18.78
679.568 20.78
680.008 24.78
680.447 29.779999999999998
680.887 22.779999999999998
681.326 19.779999999999998
681.766 24.779999999999998
682.205 28.779999999999998
682.645 29.779999999999998
683.084 23.779999999999998
683.523 32.78
683.963 9.780000000000001
684.402 12.780000000000001
684.841 26.779999999999998
685.281 27.779999999999998
685.72 18.779999999999998
686.159 0.7800000000000011
686.598 14.780000000000001
687.038 7.779999999999998
687.477 12.780000000000001
687.916 23.78
688.355 17.78
688.794 9.780000000000001
689.233 14.779999999999998
689.672 25.779999999999998
690.111 19.779999999999998
690.55 9.780000000000001
690.989 28.779999999999998
691.428 9.780000000000001
691.867 14.779999999999998
692.305 18.779999999999998
692.744 16.779999999999998
693.183 2.7799999999999976
693.622 7.780000000000001
694.06 8.780000000000001
694.499 11.779999999999998
694.938 6.779999999999998
695.376 10.780000000000001
695.815 14.779999999999998
696.254 4.780000000000001
696.692 26.779999999999998
697.131 19.779999999999998
697.569 12.779999999999998
698.008 10.779999999999998
698.446 11.779999999999998
698.884 10.779999999999998
699.323 -4.219999999999999
699.761 5.780000000000001
700.199 12.779999999999998
700.638 11.779999999999998
701.076 -0.22000000000000242
701.514 11.779999999999998
701.952 19.779999999999998
702.391 14.780000000000001
702.829 11.779999999999998
703.267 15.779999999999998
703.705 8.779999999999998
704.143 6.780000000000001
704.581 7.780000000000001
705.019 -4.219999999999999
705.457 -1.2199999999999989
705.895 6.779999999999998
706.333 9.779999999999998
706.771 10.779999999999998
707.209 7.780000000000001
707.647 2.780000000000001
708.084 17.779999999999998
708.522 9.780000000000001
708.96 -8.219999999999999
709.398 -0.21999999999999886
709.835 17.779999999999998
710.273 2.7799999999999976
710.711 15.779999999999998
711.148 1.7800000000000011
711.586 -4.219999999999999
712.023 8.779999999999998
712.461 7.779999999999998
712.898 3.780000000000001
713.336 -0.21999999999999886
713.773 6.779999999999998
714.211 16.779999999999998
714.648 17.779999999999998
715.086 11.779999999999998
715.523 8.779999999999998
715.96 -1.2200000000000024
716.397 16.779999999999998
716.835 14.779999999999998
717.272 3.7799999999999976
717.709 14.779999999999998
718.146 6.779999999999998
718.583 6.779999999999998
719.021 2.7799999999999976
719.458 15.779999999999998
719.895 18.779999999999998
720.332 11.779999999999998
720.769 6.779999999999998
721.206 4.779999999999998
721.643 3.780000000000001
722.079 6.779999999999998
722.516 1.7800000000000011
722.953 -1.2199999999999989
723.39 4.779999999999998
723.827 10.779999999999998
724.264 -2.219999999999999
724.7 0.7799999999999976
725.137 -8.219999999999999
725.574 9.779999999999998
726.01 1.7799999999999976
726.447 -0.21999999999999886
726.884 -6.219999999999999
727.32 -10.219999999999999
727.757 7.779999999999998
728.193 6.779999999999998
728.63 -2.2200000000000024
729.066 2.7799999999999976
729.503 -2.2200000000000024
729.939 10.779999999999998
730.375 1.7800000000000011
730.812 4.779999999999998
731.248 -2.2200000000000024
731.684 -0.21999999999999886
732.121 16.779999999999998
732.557 18.779999999999998
732.993 0.7799999999999976
733.429 12.779999999999998
733.865 4.779999999999998
734.301 -0.22000000000000242
734.738 8.779999999999998
735.174 -3.2200000000000024
735.61 15.779999999999998
736.046 2.7799999999999976
736.482 10.779999999999998
736.918 4.779999999999998
737.354 -1.2200000000000024
737.789 1.7799999999999976
738.225 10.779999999999998
738.661 5.780000000000001
739.097 3.7799999999999976
739.533 8.779999999999998
739.968 -0.22000000000000242
740.404 -1.2200000000000024
740.84 2.7799999999999976
741.276 -1.2200000000000024
741.711 2.7799999999999976
742.147 8.779999999999998
742.582 1.7799999999999976
743.018 -3.219999999999999
743.453 4.779999999999998
743.889 -0.22000000000000242
744.324 -5.219999999999999
744.76 -0.22000000000000242
745.195 4.779999999999998
745.631 -1.2199999999999989
746.066 -0.22000000000000242
746.501 -0.22000000000000242
746.937 -3.2200000000000024
747.372 -7.219999999999999
747.807 -0.22000000000000242
748.242 3.7799999999999976
748.677 17.779999999999998
749.113 5.779999999999998
749.548 8.779999999999998
749.983 -4.220000000000002
750.418 3.7799999999999976
750.853 1.7799999999999976
751.288 3.7799999999999976
751.723 6.779999999999998
752.158 14.779999999999998
752.593 -10.219999999999999
753.028 -9.219999999999999
753.463 5.779999999999998
753.897 4.779999999999998
754.332 6.779999999999998
754.767 10.779999999999998
755.202 -1.2200000000000024
755.637 4.779999999999998
756.071 3.7799999999999976
756.506 10.779999999999998
756.941 4.779999999999998
757.375 -1.2200000000000024
757.81 4.779999999999998
758.244 1.7799999999999976
758.679 -7.220000000000002
759.113 4.779999999999998
759.548 9.779999999999998
759.982 5.779999999999998
760.417 -7.219999999999999
760.851 3.7799999999999976
761.285 4.779999999999998
761.72 1.7800000000000011
762.154 11.779999999999998
762.588 5.779999999999998
763.023 8.779999999999998
763.457 2.7799999999999976
763.891 8.779999999999998
764.325 7.779999999999998
764.759 -6.219999999999999
765.193 1.7799999999999976
765.627 12.779999999999998
766.061 14.779999999999998
766.496 -4.220000000000002
766.929 2.7799999999999976
767.363 6.779999999999998
767.797 7.779999999999998
768.231 5.779999999999998
768.665 10.779999999999998
769.099 3.7799999999999976
769.533 -1.2199999999999989
769.967 1.7800000000000011
770.4 2.7799999999999976
770.834 8.779999999999998
771.268 -1.2200000000000024
771.701 4.779999999999998
772.135 1.7799999999999976
772.569 18.779999999999998
773.002 -6.219999999999999
773.436 1.7799999999999976
773.869 -1.2199999999999989
774.303 9.779999999999998
774.736 8.779999999999998
775.17 2.7799999999999976
775.603 4.779999999999998
776.037 -0.22000000000000242
776.47 -4.220000000000002
776.903 17.779999999999998
777.337 14.779999999999998
777.77 11.779999999999998
778.203 -8.220000000000002
778.636 3.7799999999999976
779.07 8.779999999999998
779.503 -1.2200000000000024
779.936 1.7799999999999976
780.369 11.779999999999998
780.802 -2.2200000000000024
781.235 8.779999999999998
781.668 -5.220000000000002
782.101 -10.219999999999999
782.534 -4.220000000000002
782.967 -1.2200000000000024
783.4 -1.2200000000000024
783.833 2.7799999999999976
784.266 -1.2200000000000024
784.699 0.7799999999999976
785.131 -1.2200000000000024
785.564 6.779999999999998
785.997 5.780000000000001
786.43 -9.219999999999999
786.862 3.7799999999999976
787.295 -1.2200000000000024
787.727 -4.220000000000002
788.16 -4.219999999999999
788.593 4.779999999999998
789.025 0.7799999999999976
789.458 5.779999999999998
789.89 6.779999999999998
790.323 10.779999999999998
790.755 1.7799999999999976
791.187 9.779999999999998
791.62 12.779999999999998
792.052 4.779999999999998
792.484 -1.2200000000000024
792.917 -3.2200000000000024
793.349 -0.22000000000000242
793.781 5.779999999999998
794.213 -3.2200000000000024
794.645 2.7799999999999976
795.078 -8.220000000000002
795.51 -10.220000000000002
795.942 -1.2200000000000024
796.374 2.7799999999999976
796.806 13.779999999999998
797.238 0.7799999999999976
797.67 10.779999999999998
798.102 4.779999999999998
798.534 9.779999999999998
798.966 5.779999999999998
799.397 0.7799999999999976
799.829 3.7799999999999976
800.261 20.78
800.693 -10.219999999999999
801.124 16.779999999999998
801.556 2.7799999999999976
801.988 -0.21999999999999886
802.42 -1.2199999999999989
802.851 11.779999999999998
803.283 9.779999999999998
803.714 10.779999999999998
804.146 -10.219999999999999
804.577 1.7799999999999976
805.009 16.779999999999998
805.44 -0.22000000000000242
805.872 0.7799999999999976
806.303 1.7799999999999976
806.734 2.7799999999999976
807.166 0.7799999999999976
807.597 -4.220000000000002
808.028 -0.22000000000000242
808.46 1.7799999999999976
808.891 -6.220000000000002
809.322 -9.219999999999999
809.753 0.7800000000000011
810.184 -1.2200000000000024
810.615 0.7799999999999976
811.046 12.779999999999998
811.478 7.779999999999998
811.909 2.7799999999999976
812.34 6.779999999999998
812.77 -0.22000000000000242
813.201 3.7799999999999976
813.632 3.7799999999999976
814.063 -7.219999999999999
814.494 3.7799999999999976
814.925 -6.220000000000002
815.356 -6.220000000000002
815.786 12.78
816.217 -0.22000000000000242
816.648 -13.219999999999999
817.078 20.78
817.509 4.779999999999998
817.94 -0.22000000000000242
818.37 -4.220000000000002
818.801 5.779999999999998
819.231 -2.2200000000000024
819.662 11.779999999999998
820.092 -6.220000000000002
820.523 10.779999999999998
820.953 11.779999999999998
821.384 4.779999999999998
821.814 -5.219999999999999
822.244 -0.22000000000000242
822.675 -6.220000000000002
823.105 -4.220000000000002
823.535 16.779999999999998
823.965 4.779999999999998
824.396 -13.220000000000002
824.826 1.7799999999999976
825.256 7.779999999999998
825.686 6.779999999999998
826.116 3.7799999999999976
826.546 -1.2200000000000024
826.976 -4.219999999999999
827.406 -1.2200000000000024
827.836 -0.22000000000000242
828.266 0.7799999999999976
828.696 -4.219999999999999
829.126 -8.219999999999999
829.556 8.779999999999998
829.985 6.779999999999998
830.415 -3.2200000000000024
830.845 -0.22000000000000242
831.275 -5.220000000000002
831.704 7.779999999999998
832.134 -0.21999999999999886
832.564 -0.22000000000000242
832.993 3.7799999999999976
833.423 10.779999999999998
833.852 1.7799999999999976
834.282 -2.219999999999999
834.711 1.7799999999999976
835.141 2.7799999999999976
835.57 -1.2200000000000024
836.0 -10.219999999999999
836.429 -4.219999999999999
836.858 4.779999999999998
837.288 3.7799999999999976
837.717 -2.219999999999999
838.146 0.7799999999999976
838.575 7.779999999999998
839.005 2.7799999999999976
839.434 1.7799999999999976
839.863 -11.220000000000002
840.292 3.7799999999999976
840.721 16.779999999999998
841.15 -6.220000000000002
841.579 -5.220000000000002
842.008 2.7799999999999976
842.437 -4.219999999999999
842.866 7.779999999999998
843.295 2.7799999999999976
843.724 1.7799999999999976
844.153 10.779999999999998
844.582 5.779999999999998
845.011 -5.220000000000002
845.439 17.779999999999998
845.868 3.7799999999999976
846.297 -1.2200000000000024
846.725 6.779999999999998
847.154 1.7799999999999976
847.583 0.7799999999999976
848.011 0.7799999999999976
848.44 -5.220000000000002
848.868 1.7799999999999976
849.297 1.7799999999999976
849.725 0.7799999999999976
850.154 -2.2200000000000024
850.582 1.7799999999999976
851.011 9.779999999999998
851.439 4.779999999999998
851.867 14.779999999999998
852.296 3.7799999999999976
852.724 2.7799999999999976
853.152 -2.2200000000000024
853.581 4.779999999999998
854.009 -2.219999999999999
854.437 -1.2200000000000024
854.865 2.7799999999999976
855.293 8.779999999999998
855.721 4.779999999999998
856.149 -10.220000000000002
856.577 0.7799999999999976
857.005 10.78
857.433 2.7799999999999976
857.861 1.7799999999999976
858.289 1.7799999999999976
858.717 11.779999999999998
859.145 4.779999999999998
859.573 -12.219999999999999
860.0 10.779999999999998
860.428 -6.220000000000002
860.856 -7.219999999999999
861.284 -12.219999999999999
861.711 -1.2200000000000024
862.139 -7.220000000000002
862.567 5.779999999999998
862.994 2.7799999999999976
863.422 1.7799999999999976
863.849 -5.220000000000002
864.277 5.779999999999998
864.704 -6.220000000000002
865.132 5.779999999999998
865.559 3.7799999999999976
865.987 5.779999999999998
866.414 12.779999999999998
866.841 -0.22000000000000242
867.268 5.779999999999998
867.696 -0.22000000000000242
868.123 2.7799999999999976
868.55 -1.2200000000000024
868.977 6.779999999999998
869.405 11.779999999999998
869.832 -9.219999999999999
870.259 1.7799999999999976
870.686 -2.2200000000000024
871.113 0.7799999999999976
871.54 -5.220000000000002
871.967 -8.219999999999999
872.394 -7.220000000000002
872.821 -1.2200000000000024
873.248 9.779999999999998
873.675 5.779999999999998
874.101 8.779999999999998
874.528 3.7799999999999976
874.955 10.779999999999998
875.382 6.779999999999998
875.808 0.7799999999999976
876.235 10.779999999999998
876.662 0.7799999999999976
877.088 2.7799999999999976
877.515 -5.220000000000002
877.942 -3.2200000000000024
878.368 0.7800000000000011
878.795 2.7799999999999976
879.221 -3.219999999999999
879.648 -8.220000000000002
880.074 -4.220000000000002
880.5 -2.219999999999999
880.927 0.7799999999999976
881.353 -8.220000000000002
881.779 -6.220000000000002
882.206 -0.22000000000000242
882.632 -7.219999999999999
883.058 3.7799999999999976
883.484 -11.220000000000002
883.911 -5.220000000000002
884.337 -1.2200000000000024
884.763 -2.2200000000000024
885.189 2.7799999999999976
885.615 -3.2200000000000024
886.041 -4.220000000000002
886.467 4.779999999999998
886.893 0.7799999999999976
887.319 -18.22
887.745 12.779999999999998
888.171 8.779999999999998
888.597 9.779999999999998
889.022 -7.220000000000002
889.448 -10.219999999999999
889.874 -11.219999999999999
890.3 -1.2200000000000024
890.725 9.779999999999998
891.151 0.7799999999999976
891.577 0.7799999999999976
892.002 7.779999999999998
892.428 0.7799999999999976
892.853 -3.2200000000000024
893.279 2.7799999999999976
893.704 -8.22
894.13 -1.2200000000000024
894.555 7.779999999999998
894.981 -0.22000000000000242
895.406 -5.220000000000002
895.832 -5.219999999999999
896.257 -11.220000000000002
896.682 3.7799999999999976
897.107 6.779999999999998
897.533 3.7799999999999976
897.958 -2.2200000000000024
898.383 -2.2200000000000024
898.808 -0.22000000000000242
899.233 7.779999999999998
899.658 4.780000000000001
900.083 -7.219999999999999
900.509 2.7799999999999976
900.934 4.779999999999998
901.358 -1.2200000000000024
901.783 -8.219999999999999
902.208 5.779999999999998
902.633 0.7799999999999976
903.058 -1.2200000000000024
903.483 7.779999999999998
903.908 -8.220000000000002
904.333 -1.2200000000000024
904.757 8.779999999999998
905.182 -2.2200000000000024
905.607 -12.219999999999999
906.031 15.779999999999998
906.456 7.779999999999998
906.881 -3.2200000000000024
907.305 -0.22000000000000242
907.73 15.78
908.154 -8.219999999999999
908.579 -4.220000000000002
909.003 -8.219999999999999
909.428 -10.220000000000002
909.852 -13.219999999999999
910.276 -3.2200000000000024
910.701 -3.2200000000000024
911.125 2.7799999999999976
911.549 -6.220000000000002
911.973 10.779999999999998
912.398 2.7799999999999976
912.822 -4.220000000000002
913.246 -11.219999999999999
913.67 1.7799999999999976
914.094 -5.219999999999999
914.518 0.7799999999999976
914.942 3.7799999999999976
915.366 1.7799999999999976
915.79 1.7799999999999976
916.214 6.779999999999998
916.638 -2.2200000000000024
917.062 2.7799999999999976
917.486 2.7799999999999976
917.91 -8.220000000000002
918.334 -1.2199999999999989
918.757 3.7799999999999976
919.181 5.779999999999998
919.605 4.779999999999998
920.029 -5.220000000000002
920.452 10.779999999999998
920.876 9.779999999999998
921.3 7.779999999999998
921.723 0.7799999999999976
922.147 -8.220000000000002
922.57 -3.2200000000000024
922.994 -14.219999999999999
923.417 -3.2200000000000024
923.841 -6.220000000000002
924.264 3.7799999999999976
924.687 -5.220000000000002
925.111 3.7799999999999976
925.534 -0.22000000000000242
925.957 -1.2200000000000024
926.381 -10.220000000000002
926.804 2.7799999999999976
927.227 6.779999999999998
927.65 -6.220000000000002
928.073 -7.220000000000002
928.496 -1.2200000000000024
928.919 5.779999999999998
929.342 -0.22000000000000242
929.766 2.7799999999999976
930.189 7.779999999999998
930.611 3.7799999999999976
931.034 2.7799999999999976
931.457 -7.220000000000002
931.88 6.779999999999998
932.303 -2.2200000000000024
932.726 4.779999999999998
933.149 -5.220000000000002
933.571 7.779999999999998
933.994 -0.22000000000000242
934.417 2.7799999999999976
934.839 -7.220000000000002
935.262 -0.21999999999999886
935.685 -9.219999999999999
936.107 0.7799999999999976
936.53 0.7799999999999976
936.952 -1.2200000000000024
937.375 0.7799999999999976
937.797 -2.2200000000000024
938.22 -12.22
938.642 -13.219999999999999
939.065 4.779999999999998
939.487 -1.2200000000000024
939.909 -0.22000000000000242
940.332 -9.219999999999999
940.754 -3.2200000000000024
941.176 -7.220000000000002
941.598 -5.220000000000002
942.02 5.779999999999998
942.443 -2.2200000000000024
942.865 -4.220000000000002
943.287 -1.2200000000000024
943.709 11.779999999999998
944.131 3.7799999999999976
944.553 -7.220000000000002
944.975 3.7799999999999976
945.397 -7.220000000000002
945.819 -2.2200000000000024
946.241 5.779999999999998
946.662 -8.220000000000002
947.084 7.779999999999998
947.506 -3.2200000000000024
947.928 -1.2199999999999989
948.349 -7.220000000000002
948.771 -2.2200000000000024
949.193 0.7799999999999976
949.614 7.779999999999998
950.036 -3.2200000000000024
950.458 2.7799999999999976
950.879 -10.220000000000002
951.301 -4.220000000000002
951.722 1.7799999999999976
952.144 -1.2200000000000024
952.565 3.7799999999999976
952.987 3.7799999999999976
953.408 3.7799999999999976
953.829 -1.2200000000000024
954.251 2.7799999999999976
954.672 -11.219999999999999
955.093 -6.220000000000001
955.514 -9.220000000000002
955.936 2.7799999999999976
956.357 -5.220000000000002
956.778 -4.220000000000002
957.199 1.7799999999999976
957.62 7.779999999999998
958.041 -0.22000000000000242
958.462 -4.220000000000002
958.883 -15.22
959.304 4.779999999999998
959.725 5.779999999999998
960.146 3.7799999999999976
960.567 -10.219999999999999
960.988 4.779999999999998
961.409 1.7799999999999976
961.829 1.7799999999999976
962.25 -8.220000000000002
962.671 -4.220000000000002
963.092 -7.220000000000002
963.512 -7.220000000000002
963.933 -9.219999999999999
964.354 -5.220000000000002
964.774 -5.220000000000002
965.195 -8.220000000000002
965.615 -7.220000000000002
966.036 0.7799999999999976
966.456 5.779999999999998
966.877 0.7799999999999976
967.297 -6.220000000000002
967.717 -3.2200000000000024
968.138 2.7799999999999976
968.558 0.7799999999999976
968.978 7.779999999999998
969.399 7.779999999999998
969.819 11.779999999999998
970.239 6.779999999999998
970.659 -13.219999999999999
971.079 -7.219999999999999
971.499 6.779999999999998
971.92 1.7799999999999976
972.34 -10.220000000000002
972.76 6.779999999999998
973.18 -3.2200000000000024
973.6 -5.220000000000002
974.02 -7.219999999999999
974.439 -1.2200000000000024
974.859 -1.2200000000000024
975.279 -6.220000000000002
975.699 -20.22
976.119 3.7799999999999976
976.539 7.779999999999998
976.958 3.7799999999999976
977.378 2.7799999999999976
977.798 -7.219999999999999
978.217 0.7799999999999976
978.637 -7.220000000000002
979.056 -0.22000000000000242
979.476 2.7799999999999976
979.896 3.7799999999999976
980.315 -12.220000000000002
980.735 -4.219999999999999
981.154 3.7799999999999976
981.573 2.7799999999999976
981.993 -1.2200000000000024
982.412 -0.22000000000000242
982.831 0.7799999999999976
983.251 -3.2200000000000024
983.67 -13.220000000000002
984.089 3.7799999999999976
984.508 4.779999999999998
984.928 0.7799999999999976
985.347 2.7799999999999976
985.766 -6.220000000000002
986.185 -2.2200000000000024
986.604 -8.220000000000002
987.023 -3.2200000000000024
987.442 4.779999999999998
987.861 -4.220000000000002
988.28 -4.219999999999999
988.699 -9.220000000000002
989.118 5.780000000000001
989.536 -4.220000000000002
989.955 5.779999999999998
990.374 1.7799999999999976
990.793 1.7799999999999976
991.212 -2.2200000000000024
991.63 0.7799999999999976
992.049 9.779999999999998
992.468 -5.220000000000002
992.886 -1.2200000000000024
993.305 4.779999999999998
993.723 4.779999999999998
994.142 10.779999999999998
994.56 8.779999999999998
994.979 -3.2200000000000024
995.397 1.7799999999999976
995.816 -2.2200000000000024
996.234 -1.2200000000000024
996.652 2.7799999999999976
997.071 -3.2200000000000024
997.489 10.779999999999998
997.907 -3.2200000000000024
998.325 -1.2200000000000024
998.744 3.7799999999999976
999.162 -2.2200000000000024
999.58 5.779999999999998
999.998 -6.220000000000002
1000.416 4.779999999999998
1000.834 5.779999999999998
1001.252 -4.220000000000002
1001.67 0.7799999999999976
1002.088 5.779999999999998
1002.506 5.779999999999999
1002.924 -0.22000000000000242
1003.342 -3.2200000000000024
1003.76 -11.22
1004.177 -3.2200000000000024
1004.595 -3.2200000000000024
1005.013 -4.219999999999999
1005.431 -5.220000000000002
1005.848 0.7799999999999976
1006.266 -3.2200000000000024
1006.684 -1.2200000000000024
1007.101 -3.2200000000000024
1007.519 -6.220000000000002
1007.936 -11.220000000000002
1008.354 -7.220000000000002
1008.771 -6.220000000000001
1009.189 -6.220000000000002
1009.606 -1.2200000000000024
1010.024 8.779999999999998
1010.441 -10.220000000000002
1010.858 -4.220000000000002
1011.276 1.7799999999999976
1011.693 3.7799999999999976
1012.11 9.779999999999998
1012.527 12.779999999999998
1012.945 -3.2200000000000024
1013.362 0.7799999999999976
1013.779 -10.219999999999999
1014.196 -3.2200000000000024
1014.613 -0.22000000000000242
1015.03 7.779999999999998
1015.447 3.7799999999999976
1015.864 -7.220000000000002
1016.281 -2.2200000000000024
1016.698 -2.219999999999999
1017.115 -0.22000000000000242
1017.532 -9.220000000000002
1017.949 -7.219999999999999
1018.365 -0.22000000000000242
1018.782 0.7799999999999976
1019.199 -3.2200000000000024
1019.616 -9.219999999999999
1020.032 8.779999999999998
1020.449 6.779999999999998
1020.866 -3.2200000000000024
1021.282 -1.2200000000000024
1021.699 -3.2200000000000024
1022.115 -6.220000000000002
1022.532 -1.2200000000000024
1022.948 -3.2200000000000024
1023.365 -8.22
1023.781 2.7799999999999976
1024.197 6.779999999999998
1024.614 1.7799999999999976
1025.03 -0.22000000000000242
1025.446 7.779999999999998
1025.863 -0.22000000000000242
1026.279 -0.22000000000000242
1026.695 -2.2200000000000024
1027.111 -1.2200000000000024
1027.527 -2.2200000000000024
1027.944 1.7799999999999976
1028.36 -7.220000000000002
1028.776 -1.2200000000000024
1029.192 3.7799999999999976
1029.608 -6.220000000000001
1030.024 -6.220000000000002
1030.44 0.7799999999999976
1030.856 -2.2200000000000024
1031.271 -0.22000000000000242
1031.687 -2.2200000000000024
1032.103 5.779999999999998
1032.519 6.779999999999998
1032.935 -10.220000000000002
1033.35 -10.220000000000002
1033.766 0.7799999999999976
1034.182 -0.22000000000000242
1034.597 1.7799999999999976
1035.013 -11.219999999999999
1035.429 -1.2200000000000024
1035.844 -6.220000000000002
1036.26 -15.22
1036.675 -6.220000000000002
1037.091 -17.22
1037.506 -5.220000000000002
1037.922 -0.22000000000000242
1038.337 -1.2200000000000024
1038.752 -2.2200000000000024
1039.168 6.779999999999998
1039.583 -7.219999999999999
1039.998 6.779999999999998
1040.413 -6.220000000000002
1040.829 2.7799999999999976
1041.244 1.7799999999999976
1041.659 4.779999999999998
1042.074 -0.22000000000000242
1042.489 -9.220000000000002
1042.904 -3.2200000000000024
1043.319 2.7799999999999976
1043.734 2.7799999999999976
1044.149 -7.220000000000002
1044.564 -2.2200000000000024
1044.979 1.7799999999999976
1045.394 -8.220000000000002
1045.809 7.779999999999998
1046.223 -11.220000000000002
1046.638 -8.220000000000002
1047.053 -0.22000000000000242
1047.468 -2.2200000000000024
1047.882 4.779999999999998
1048.297 4.779999999999998
1048.712 -1.2200000000000024
1049.126 -3.2200000000000024
1049.541 1.7799999999999976
1049.955 -4.220000000000002
1050.37 -8.220000000000002
1050.784 -9.220000000000002
1051.199 2.7799999999999976
1051.613 -2.2200000000000024
1052.028 -7.220000000000002
1052.442 -9.220000000000002
1052.856 7.779999999999998
1053.27 3.7799999999999976
1053.685 3.7799999999999994
1054.099 -14.219999999999999
1054.513 -9.219999999999999
1054.927 -0.22000000000000242
1055.342 -1.2200000000000024
1055.756 1.7799999999999976
1056.17 -7.220000000000002
1056.584 -5.220000000000002
1056.998 -4.220000000000002
1057.412 -6.220000000000002
1057.826 -5.219999999999999
1058.24 -4.220000000000002
1058.654 -6.220000000000002
1059.068 -11.22
1059.481 -0.22000000000000242
1059.895 -2.2200000000000024
1060.309 -7.220000000000002
1060.723 -2.2200000000000024
1061.137 -10.220000000000002
1061.55 1.7799999999999976
1061.964 13.78
1062.378 4.779999999999999
1062.791 -11.220000000000002
1063.205 -5.220000000000002
1063.618 -1.2200000000000024
1064.032 6.779999999999998
1064.445 2.7799999999999976
1064.859 2.7799999999999976
1065.272 13.779999999999998
1065.686 -7.220000000000002
1066.099 -3.2200000000000024
1066.512 7.779999999999998
1066.926 -6.220000000000002
1067.339 -4.219999999999999
1067.752 -8.220000000000002
1068.165 10.779999999999998
1068.579 2.7799999999999976
1068.992 1.7799999999999976
1069.405 0.7799999999999976
1069.818 12.779999999999998
1070.231 0.7799999999999976
1070.644 -3.2200000000000024
1071.057 6.779999999999998
1071.47 11.78
1071.883 10.779999999999998
1072.296 5.779999999999998
1072.709 3.7799999999999976
1073.122 -5.220000000000002
1073.535 -6.220000000000002
1073.947 0.7799999999999976
1074.36 9.779999999999998
1074.773 -4.220000000000002
1075.186 1.7799999999999976
1075.598 -5.219999999999999
1076.011 -6.219999999999999
1076.424 4.779999999999998
1076.836 -2.2200000000000024
1077.249 5.779999999999998
1077.661 5.779999999999998
1078.074 -3.2200000000000024
1078.486 -5.220000000000002
1078.899 3.7799999999999976
1079.311 -0.22000000000000242
1079.723 2.7799999999999976
1080.136 0.7799999999999976
1080.548 -10.220000000000002
1080.96 -0.22000000000000242
1081.373 -3.219999999999999
1081.785 5.779999999999998
1082.197 4.779999999999998
1082.609 -6.220000000000002
1083.021 -2.2200000000000024
1083.434 3.7799999999999976
1083.846 7.779999999999998
1084.258 -0.22000000000000242
1084.67 -2.2200000000000024
1085.082 2.7799999999999976
1085.494 -3.2200000000000024
1085.906 -1.2200000000000024
1086.318 -7.220000000000001
1086.729 9.78
1087.141 -0.22000000000000242
1087.553 5.779999999999998
1087.965 -9.220000000000002
1088.377 -3.2200000000000024
1088.788 9.779999999999998
1089.2 -5.220000000000002
1089.612 -1.2200000000000024
1090.023 6.779999999999998
1090.435 -3.2200000000000024
1090.846 2.7799999999999976
